1BJ1_V 17 21 45 80 81 82 86 87 88 89 90 91 92 93 94 
1DEE_H 2824 2827 2828 2830 2831 2834 2835 2838 2841 2842 2845 2849 
1E6J_P 187 204 205 206 207 208 209 210 212 213 216 217 
1FE8_A 962 963 966 981 982 983 984 985 986 987 989 990 993 994 996 997 1022 1023 1024 1026 
1FNS_A 627 628 629 631 632 633 634 635 636 660 661 664 
1IAI_I 1 29 30 31 52 54 55 103 104 105 106 
1IAI_M 27 28 29 30 31 93 
1IGC_A 15 16 17 18 19 20 21 22 38 40 41 42 43 
1K4C_C 45 49 50 52 53 54 55 56 57 58 60 61 62 64 
1KB5_A 1 2 26 94 95 96 97 101 103 
1KB5_B 31 42 44 45 50 51 54 56 58 59 60 61 98 100 
1MHP_B 156 157 158 160 192 218 219 220 221 222 223 224 259 261 263 264 289 291 294 
1OAZ_A 33 34 35 37 41 43 46 47 48 87 88 89 106 107 108 109 112 
1ORQ_C 54 55 58 59 107 111 112 113 114 115 116 117 119 123 
1OTS_A 231 234 235 243 246 248 249 250 380 381 382 383
1QFW_A 14 16 17 18 19 20 21 44 50 52 71 
1QFW_B 20 43 45 46 64 66 68 73 74 75 76 77 78 79 80 81 
1T03_B 199 222 223 224 225 226 227 229 230 358 
1V7M_V 57 58 61 68 71 75 98 102 105 106 109 110 111 112 113 114 115 
1XIW_B 6 8 9 10 11 13 33 34 36 
1ZA3_R 25 26 27 34 36 37 38 53 54 56 57 58 59 61 62 
2B4C_G 119 120 122 200 319 320 322 323 327 421 422 423 432 434 435 436 437 
2JEL_P 1 2 3 4 34 41 64 66 67 68 70 71 72 75 76 
3HFM_Y 14 15 16 19 20 21 63 73 75 89 93 96 97 98 100 101 102 
